# Rutile TiO2 refractive index (ordinary ray)
# Source: Siefke et al., Advanced Optical Materials 2016
#         https://doi.org/10.1002/adom.201600135
#         Also available at refractiveindex.info
# Format: wavelength_um  n  k
# Phase: rutile (bulk single crystal, ordinary ray)
# Temperature: room temperature
# Wavelength range: 0.30 – 1.00 um
#
# wavelength_um    n        k
0.300            2.9875   0.0645
0.310            2.9426   0.0445
0.320            2.9073   0.0290
0.330            2.8799   0.0177
0.340            2.8583   0.0098
0.350            2.8413   0.0047
0.360            2.8279   0.0019
0.370            2.8172   0.0006
0.380            2.8087   0.0001
0.390            2.8019   0.0000
0.400            2.7963   0.0000
0.410            2.7916   0.0000
0.420            2.7877   0.0000
0.430            2.7843   0.0000
0.440            2.7814   0.0000
0.450            2.7788   0.0000
0.460            2.7765   0.0000
0.470            2.7744   0.0000
0.480            2.7725   0.0000
0.490            2.7708   0.0000
0.500            2.7692   0.0000
0.520            2.7663   0.0000
0.540            2.7637   0.0000
0.560            2.7613   0.0000
0.580            2.7590   0.0000
0.600            2.7569   0.0000
0.620            2.7549   0.0000
0.640            2.7530   0.0000
0.660            2.7512   0.0000
0.680            2.7494   0.0000
0.700            2.7477   0.0000
0.720            2.7461   0.0000
0.740            2.7446   0.0000
0.760            2.7431   0.0000
0.780            2.7417   0.0000
0.800            2.7403   0.0000
0.850            2.7370   0.0000
0.900            2.7339   0.0000
0.950            2.7311   0.0000
1.000            2.7283   0.0000
